[array([0.5, 0.5]), array([0.5, 0.5]), array([0.5, 0.5, 0.5]), array([0.5, 0.5, 0.5, 0.5]), array([0.5, 0.5, 0.5, 0.5]), array([0.5, 0.5, 0.5, 0.5, 0.5]), array([0.5, 0.5, 0.5, 0.5, 0.5, 0.5]), array([0.5, 0.5, 0.5, 0.5, 0.5, 0.5, 0.5, 0.5])]
[array([0., 1.]), array([0.36, 0.5 ]), array([0.49, 1.  , 1.  ]), array([0.005543, 0.364356, 0.999366, 0.996013]), array([0.210195, 0.849014, 0.874271, 0.875537]), array([0.017322, 0.062982, 0.093079, 0.018967, 0.059868]), array([0.064108, 0.50467 , 0.307547, 0.22933 , 0.356495, 0.789273]), array([0.061949, 0.086118, 0.024059, 0.022119, 0.358532, 0.798558,
       0.447126, 0.928641])]
[array([1., 1.]), array([0.62, 0.42]), array([1.  , 0.  , 0.68]), array([0.610283, 0.99932 , 0.996058, 0.008603]), array([0.241981, 0.847887, 0.878175, 0.876911]), array([0.845849, 0.032354, 0.981185, 0.024732, 0.947127]), array([0.045203, 0.493887, 0.296157, 0.140072, 0.360602, 0.761422]), array([0.061949, 0.086118, 0.024059, 0.022119, 0.358532, 0.798558,
       0.447126, 0.928641])]
[array([0., 0.]), array([0.61, 0.58]), array([0. , 1. , 0.7]), array([0.002628, 0.992778, 0.996738, 0.324661]), array([0.230056, 0.841143, 0.873217, 0.887638]), array([0.957677, 0.018269, 0.053556, 0.019305, 0.98302 ]), array([0.129753, 0.463468, 0.317766, 0.191937, 0.396281, 0.784369]), array([0.061949, 0.086118, 0.024059, 0.022119, 0.358532, 0.798558,
       0.447126, 0.928641])]
[array([1., 0.]), array([0.85, 0.98]), array([1., 1., 0.]), array([0.974265, 0.001353, 0.997995, 0.992941]), array([0.241981, 0.847887, 0.878175, 0.876911]), array([0.010032, 0.82903 , 0.004303, 0.992752, 0.002782]), array([0.06782 , 0.434119, 0.249574, 0.196558, 0.385974, 0.837422]), array([0.061949, 0.086118, 0.024059, 0.022119, 0.358532, 0.798558,
       0.447126, 0.928641])]
[array([0.68, 0.  ]), array([0.56, 1.  ]), array([0.5 , 0.  , 0.65]), array([9.97834e-01, 2.92695e-01, 7.28000e-04, 3.06473e-01]), array([0.  , 0.24, 0.62, 1.  ]), array([0.310853, 0.004557, 0.92977 , 0.003848, 0.001951]), array([0.042636, 0.459636, 0.304379, 0.221496, 0.43641 , 0.790166]), array([0.   , 0.25 , 0.   , 0.   , 0.   , 0.125, 0.   , 1.   ])]
[array([0. , 0.7]), array([0.77, 0.25]), array([1.  , 0.72, 1.  ]), array([9.18000e-04, 4.49159e-01, 9.98156e-01, 3.40700e-03]), array([0.29, 0.99, 1.  , 1.  ]), array([0.232198, 0.003154, 0.975499, 0.981573, 0.998079]), array([0.120728, 0.533888, 0.275139, 0.168882, 0.441824, 0.790651]), array([0.   , 0.5  , 0.   , 0.25 , 0.5  , 0.125, 0.   , 0.   ])]
[array([0.93, 0.79]), array([0.51, 0.47]), array([0., 0., 0.]), array([0.003596, 0.994216, 0.997743, 0.976803]), array([0.281347, 0.989493, 0.991107, 0.998584]), array([0.993456, 0.077458, 0.260406, 0.993319, 0.999739]), array([0.047619, 0.619048, 1.      , 0.142857, 0.      , 0.761905]), array([0.  , 0.25, 0.  , 1.  , 0.25, 0.75, 0.25, 1.  ])]
[array([0.34, 1.  ]), array([0.49, 0.54]), array([1., 0., 0.]), array([5.601e-01, 4.018e-03, 3.900e-04, 2.926e-03]), array([0.317606, 0.990506, 0.995215, 0.993607]), array([0.020062, 0.009154, 0.435881, 0.995906, 0.00632 ]), array([0.      , 0.380952, 0.571429, 0.380952, 0.      , 1.      ]), array([0.233201, 0.617495, 0.446795, 0.493155, 0.788961, 0.61884 ,
       0.307125, 0.23723 ])]