[[0.89698105 0.72562797 0.17540431 0.70169437]
 [0.8893564  0.49958786 0.53926886 0.50878344]
 [0.25094624 0.03369313 0.14538002 0.49493242]
 [0.34696206 0.0062504  0.76056361 0.61302356]
 [0.12487118 0.12977019 0.38440048 0.2870761 ]
 [0.80130271 0.50023109 0.70664456 0.19510284]
 [0.24770826 0.06044543 0.04218635 0.44132425]
 [0.74670224 0.7570915  0.36935306 0.20656628]
 [0.40066503 0.07257425 0.88676825 0.24384229]
 [0.6260706  0.58675126 0.43880578 0.77885769]
 [0.95713529 0.59764438 0.76611385 0.77620991]
 [0.73281243 0.14524998 0.47681272 0.13336573]
 [0.65511548 0.07239183 0.68715175 0.08151656]
 [0.21973443 0.83203134 0.48286416 0.08256923]
 [0.48859419 0.2119651  0.93917791 0.37619173]
 [0.16713049 0.87655456 0.21723954 0.95980098]
 [0.21691119 0.16608583 0.24137226 0.77006248]
 [0.38748784 0.80453226 0.75179548 0.72382744]
 [0.98562189 0.66693268 0.15678328 0.8565348 ]
 [0.03782483 0.66485335 0.16198218 0.25392378]
 [0.68348638 0.9027701  0.33541983 0.99948256]
 [0.17034731 0.75695908 0.27652049 0.5312315 ]
 [0.85965692 0.91959232 0.20613873 0.09779683]
 [0.28213837 0.50598691 0.53053084 0.09630162]
 [0.32607578 0.4723669  0.453192   0.10588734]
 [0.94838936 0.89451301 0.85163782 0.55219629]
 [0.66495539 0.04656628 0.11677747 0.79371778]
 [0.57776561 0.42877174 0.42582587 0.24900741]
 [0.73861301 0.48210263 0.70936644 0.50397001]
 [0.8548108  0.49396462 0.73530997 0.80809201]
 [0.50000000 0.50000000 0.50000000 0.50000000]
 [0.00554300 0.36435600 0.99936600 0.99601300]
 [0.61028300 0.99932000 0.99605800 0.00860300]
 [0.00262800 0.99277800 0.99673800 0.32466100]
 [0.97426500 0.00135300 0.99799500 0.99294100]
 [0.99783400 0.29269500 0.00072800 0.30647300]
 [0.00091800 0.44915900 0.99815600 0.00340700]
 [0.00359600 0.99421600 0.99774300 0.97680300]
 [0.56010000 0.00401800 0.00039000 0.00292600]
 [0.99049500 0.00739800 0.99688400 0.39686200]
 [0.00129200 0.44938100 0.72596200 0.51285800]
 [0.38323300 0.99659600 0.00100000 0.00647900]
 [0.99507400 0.00356700 0.51440700 0.72910600]]