[[0.7281861  0.15469257 0.73255167 0.69399651 0.05640131]
 [0.24238435 0.84409997 0.5778091  0.67902128 0.50195289]
 [0.72952261 0.7481062  0.67977464 0.35655228 0.67105368]
 [0.77062024 0.11440374 0.04677993 0.64832428 0.27354905]
 [0.6188123  0.33180214 0.18728787 0.75623847 0.3288348 ]
 [0.78495809 0.91068235 0.7081201  0.95922543 0.0049115 ]
 [0.14511079 0.8966846  0.89632223 0.72627154 0.23627199]
 [0.94506907 0.28845905 0.97880576 0.96165559 0.59801594]
 [0.12572016 0.86272469 0.02854433 0.24660527 0.75120624]
 [0.75759436 0.35583141 0.0165229  0.4342072  0.11243304]
 [0.5367969  0.30878091 0.41187929 0.38822518 0.5225283 ]
 [0.95773967 0.23566857 0.09914585 0.15680593 0.07131737]
 [0.6293079  0.80348368 0.81140844 0.04561319 0.11062446]
 [0.02173531 0.42808424 0.83593944 0.48948866 0.51108173]
 [0.43934426 0.69892383 0.42682022 0.10947609 0.87788847]
 [0.25890557 0.79367771 0.6421139  0.19667346 0.59310318]
 [0.43216593 0.71561781 0.3418191  0.70499988 0.61496184]
 [0.78287982 0.53633586 0.44328356 0.85969983 0.01032599]
 [0.9217762  0.93187122 0.41487637 0.59505727 0.73562569]
 [0.12667892 0.2914703  0.06452848 0.6805146  0.89281919]
 [0.50000000 0.50000000 0.50000000 0.50000000 0.50000000]
 [0.01732200 0.06298200 0.09307900 0.01896700 0.05986800]
 [0.84584900 0.03235400 0.98118500 0.02473200 0.94712700]
 [0.95767700 0.01826900 0.05355600 0.01930500 0.98302000]
 [0.01003200 0.82903000 0.00430300 0.99275200 0.00278200]
 [0.31085300 0.00455700 0.92977000 0.00384800 0.00195100]
 [0.23219800 0.00315400 0.97549900 0.98157300 0.99807900]
 [0.99345600 0.07745800 0.26040600 0.99331900 0.99973900]
 [0.02006200 0.00915400 0.43588100 0.99590600 0.00632000]
 [0.45930500 0.99711200 0.01690200 0.00776200 0.02126000]
 [0.03543900 0.00889900 0.60573200 0.02800800 0.99729400]
 [0.59770500 0.95748600 0.98959800 0.99569800 0.98503300]
 [0.00669900 0.99765900 0.00045700 0.97951300 0.94183200]]