function 1
0.0, 1.0

function 2
0.36 0.5

function 3
0.49 1.   1.

function 4
0.00554356 0.36435687 0.99936687 0.99601372
0.005543-0.364356-0.999366-0.996013

function 5
Next observation:  [0.21019553 0.84901499 0.87427145 0.8755375 ]
Next observation:  [0.210195-0.849014-0.874271-0.875537 ]

function 6
0.01732239 0.06298253 0.09307978 0.01896775 0.05986832
0.017322-0.062982-0.093079-0.018967-0.059868

function 7
[0.06410874 0.50467    0.30754771 0.22933017 0.35649533 0.78927349]
0.064108-0.504670-0.307547-0.229330-0.356495-0.789273

function 8
[0.06194951 0.08611824 0.02405994 0.0221194  0.35853219 0.79855851 0.44712626 0.92864156]
0.061949-0.086118-0.024059-0.022119-0.358532-0.798558-0.447126-0.928641